,0
0,May
1,be
2,it
3,will
4,help
5,you
6,bit
7,more
8,to
9,handle
10,.
